# Created by Octave 9.2.0, Sat Jun 15 17:33:32 2024 GMT <unknown@Jeefy>
# name: Qnet
# type: matrix
# rows: 324
# columns: 1
 0.93799144425819092
 1.1745379782281409
 0.87556167887616732
 -0.17033244843335166
 0.050055291636455404
 1.7337163808596994
 -0.23084151525976529
 -0.0082712279338988427
 1.2100895658955526
 -0.25185359374205918
 -0.082088477783453712
 -0.029145422259397598
 0.74967553336069437
 -0.15976590594733886
 0.13614222571040571
 0.047942882061300665
 -0.074955717593376339
 0.01332204148668901
 -0.50121823337584515
 0.043723550403411485
 0.010017895959374155
 -0.0090193932819879752
 0.65411464915537698
 -0.16918464179468046
 0.013482852266745754
 0.026478062103547487
 0.032655883629139786
 0.0075382786664377
 -0.56817123928167002
 -0.082221641403734294
 -0.16036808215766235
 0.064420752986878105
 0.54880702441795248
 -0.026335541918559781
 0.081060168919141168
 0.082490894000263493
 -0.065736336700741707
 -0.007719007317461014
 -0.44795288013940543
 0.073199386458132759
 -0.017421629676806633
 0.18720803272942685
 0.74902550680791224
 -0.065509522938381692
 -0.090399227794907111
 0.15607944250531305
 -0.058068013081435665
 -0.019536355061470934
 -0.38436813739646852
 0.083125977199723797
 -0.045508136481167714
 0.535071941303498
 0.98441935962715466
 0.013269360938214167
 -0.036170703928079216
 0.13222884725662803
 -0.49455245415923232
 0.0053512174127429441
 -0.092593623288330276
 0.0082490478377381764
 0.093617931874379196
 1.1190343276864831
 -0.29396705325924349
 -0.058183040558872877
 0.028697570798715245
 -0.0091374420541913276
 0.082418344361435358
 0.0040851781628293404
 0.11298156968976944
 -0.096128911515944188
 -0.14061508286648453
 0.58366709435005981
 0.28446041358323987
 -0.082394188980282321
 0.28011676297268057
 -0.072132297542338103
 0.20053833054111525
 0.013332989491170087
 -0.16110712081257964
 -0.095997079539407101
 -0.096391520419402091
 -0.016006988303828143
 -0.069779345372841653
 -0.024578787791548113
 0.15202106119795894
 0.050452747056669578
 0.21582483633616989
 0.041228306248748264
 -0.2977986892098155
 -0.09172830307455232
 -0.20934768055822783
 -0.064724363407455562
 -0.0177496641278139
 -0.02949434995100917
 0.031800917557362765
 0.029676103426813327
 0.278513515953833
 0.0037856846210766212
 -0.10008545010711199
 -0.016421865968306176
 -0.424068815021794
 -0.23034370149241942
 -0.16527195644707984
 0.099056292059492776
 -0.15556285510580423
 0.0029589498890777925
 -0.27541501997252293
 -0.028960648932228657
 0.89878791586405293
 0.024070316300584427
 -0.01353132489382486
 0.53930720275853172
 -0.075395012376899523
 -0.14505820125502419
 0.10864538576563797
 -0.067456897427497664
 0.1119948212867117
 -0.00036048574381340027
 -0.37444139396209497
 -0.0081876771331291214
 0.027146388168630069
 -0.077847498869428447
 -0.11792475842495102
 -0.051654945974824104
 0.099845886735753064
 -0.054577123107383323
 0.080029209477567101
 0.006692541344845258
 0.20357360527544413
 -0.071986165616782657
 -0.29300819130544126
 -0.031576674359053473
 -0.0050020497731486889
 -0.052784970309470207
 0.12842890442807822
 -0.081652439450949105
 0.22232888672720014
 0.031098536004935284
 -0.34360761263757766
 0.026714971119741745
 -0.26164315079595701
 -0.092451059681634112
 -0.1626145091400038
 -0.018255812794977674
 0.15921408092628925
 -0.039476230216675193
 0.23446956250457843
 -0.0042898143785779844
 0.41292550648952919
 -0.12363395647743079
 -0.25454727670335831
 -0.13649960303429978
 -0.3224821918707077
 0.021258832608079974
 -0.10796993819767214
 -0.13701824657200254
 -0.069171976501676127
 -0.013329006147635332
 0.87982903416678682
 -0.10087908047203731
 -0.30713513892787581
 -0.0069064959155378221
 0.063818307467106108
 -0.13555930985401374
 -0.18889954862230696
 0.10481673541907406
 0.21962228460935454
 -0.0064990621264165698
 -0.269211014704966
 -0.0018855602152514999
 -0.11269795883507296
 0.05826768129943441
 0.2264104321261047
 0.035299159529492918
 -0.019035957755861508
 -0.12662088512459696
 -0.058163926448351534
 0.0042867266455010478
 0.11784686612850201
 -0.047948268615471787
 -0.32133400073085217
 -0.24314739737205501
 0.2864893050349539
 -0.0079050664558713672
 -0.027632168500769317
 -0.083616293990246546
 0.19704214732809228
 0.0093701345086016959
 0.15392348227243077
 0.02173666241102953
 -0.26820041473902567
 -0.017874599390881169
 0.047668837499875015
 0.27350391172157229
 0.023826630204042867
 0.00473292642328878
 -0.19477922535825817
 -0.0046351430280779093
 0.70724922160173409
 0.064146367145281033
 -0.28906109729003343
 -0.072223809362254657
 -0.081307127679538155
 0.052406409880063634
 -0.28736069191836477
 0.024401486026300809
 -0.30877500387408363
 -0.017890667225784081
 0.92448998775289315
 0.098417072257512353
 0.40927084271704461
 -0.091856256406333145
 -0.72066516929889524
 -0.023800318435046739
 -0.14753797150266756
 0.372844189740137
 0.20763903057238681
 0.014811221177250727
 0.086147457705873745
 0.024014613752996957
 0.76247163429363707
 -0.22100062922246713
 -0.84373449230464748
 0.11616903944849749
 -0.12772604594191486
 0.48693473700113704
 -0.30601658925465658
 0.011199805033507657
 0.074530900854196516
 0.070300242141117159
 0.46738745134937865
 -0.1617471028496173
 -0.47169614831122375
 0.16139255878512407
 -0.094753068990368519
 0.41906158931348886
 -0.022981593258765351
 0.0090202758083513801
 0.42717334903891357
 0.13007436490007365
 0.68419818288919676
 -0.078463518085084533
 -0.65541179442136221
 0.070235056257884218
 0.023107314492063338
 0.4233822409475545
 -0.3560167209547217
 -0.018565526852564435
 -0.014823956119224919
 0.026771591106204914
 0.74842406748787116
 -0.22443794675876585
 -0.72321167659445151
 0.088372065714951251
 -0.15966633999921059
 0.44540699246028614
 -0.18752130004706663
 -0.0035224624628014678
 0.37249798111651877
 0.029070573663278525
 -0.41991520758953121
 -0.70737486511317882
 0.32063866419366521
 0.024903525165721613
 -0.019067032521724377
 3.9666309474937829
 -0.42717187925846695
 0.0019628333543636259
 3.3069287837856942
 -0.27393656693926194
 -0.51943870038349782
 -0.81814426327774403
 -0.12054508300139354
 -0.41260891911296632
 -0.40501640218906565
 4.8562419493527624
 -0.11576055737944974
 -0.065324268127663676
 3.0786701687514579
 0.1201275160023515
 28.483980526962775
 28.584802610213025
 71.170342476174653
 103.03887063465478
 -422.09464997038873
 109.17404845351579
 543.76622346711179
 469.20849686673034
 -1.7618949999099831
 10.435928172502349
 19.972819556799834
 52.436100908056979
 -16.76080107945447
 -21.296319977300143
 58.290770112571799
 51.334703423095313
 -196.86488046842604
 55.887639153165686
 235.397594679234
 141.17829406102084
 -15.879382972119664
 7.3279861627904994
 47.320526247748575
 22.594170362878629
 850.36786436771627
 188.07190660499876
 108.11845355031407
 1060.9367135201071
 -173.0263411504458
 40.18518039045302
 12.233968652302002
 123.56736021127384
 -5.5211433159006997
 3.087029343908239
 9.4430105594102294
 10.538868548001798
 125.88712560977261
 226.40473627526652
 430.79338651883586
 1176.5120043491568
 -22.145416636386432
 6.7392587171924552
 65.95313949179841
 17.134990596675724


